<CoordinateSystem> { Z-up } 
  <Group> Armature {
    <Dart> { 1 }
    <Joint> mixamorig:Hips {
      <Transform> {
        <Matrix4> {
          0.009999999776482582 0.0 0.0 0.0 
          0.0 -1.6292067694934076e-09 0.009999999776482582 0.0 
          0.0 -0.009999999776482582 -1.6292067694934076e-09 0.0 
          0.0 -1.615815392597142e-07 0.9917804598808289 1.0 
        }
      }
      <Joint> mixamorig:Spine {
        <Transform> {
          <Matrix4> {
            0.9999920725822449 0.003975847736001015 2.3283064365386963e-10 0.0 
            -0.003938128240406513 0.990505039691925 -0.13742031157016754 0.0 
            -0.0005463624838739634 0.1374192237854004 0.9905127882957458 0.0 
            -0.09470000118017197 9.492202758789062 -1.652400016784668 1.0 
          }
        }
        <Joint> mixamorig:Spine1 {
          <Transform> {
            <Matrix4> {
              0.9999890923500061 -0.00466350419446826 -2.6921043172478676e-10 0.0 
              0.004636968951672316 0.9942994117736816 0.10652266442775726 0.0 
              -0.0004967685672454536 -0.10652151703834534 0.9943103194236755 0.0 
              1.4182124807859964e-08 10.448495864868164 1.265929313376546e-06 1.0 
            }
          }
          <Joint> mixamorig:Spine2 {
            <Transform> {
              <Matrix4> {
                1.0 1.648004399612546e-09 6.912159733474255e-11 0.0 
                -1.6570993466302752e-09 1.0 -8.54761879054422e-08 0.0 
                -1.2187229003757238e-10 8.21601702227781e-08 1.0 0.0 
                -7.916241884231567e-09 13.266107559204102 1.6022386262193322e-07 1.0 
              }
            }
            <Joint> mixamorig:Neck {
              <Transform> {
                <Matrix4> {
                  0.9999995827674866 0.0006632254808209836 -0.000621336919721216 0.0 
                  -0.0006435653194785118 0.9995152950286865 0.031124701723456383 0.0 
                  0.0006416785763576627 -0.031124291941523552 0.9995152950286865 0.0 
                  -0.028199996799230576 15.084178924560547 1.7173011302947998 1.0 
                }
              }
              <Joint> mixamorig:Head {
                <Transform> {
                  <Matrix4> {
                    1.0 -5.145062154099378e-10 -6.169079830309343e-11 0.0 
                    5.144980552707068e-10 1.0 1.646434810709252e-08 0.0 
                    6.171575750446578e-11 -1.6464362317947234e-08 1.0 0.0 
                    0.060100018978118896 9.865111351013184 3.7950010299682617 1.0 
                  }
                }
                <Joint> mixamorig:HeadTop_End {
                  <Transform> {
                    <Matrix4> {
                      1.0 1.2746097580174087e-14 -1.8101527763693392e-14 0.0 
                      -2.013634484848703e-14 1.0 -6.406757990882334e-14 0.0 
                      4.030709956342332e-14 5.0522452432581744e-14 1.0 0.0 
                      -0.7656004428863525 18.217309951782227 6.519101619720459 1.0 
                    }
                  }
                }
                <Joint> mixamorig:RightEye {
                  <Transform> {
                    <Matrix4> {
                      1.0 1.2746097580174087e-14 -1.8101527763693392e-14 0.0 
                      -2.013634484848703e-14 1.0 -6.406757990882334e-14 0.0 
                      4.030709956342332e-14 5.0522452432581744e-14 1.0 0.0 
                      -3.513101577758789 7.440118312835693 8.840102195739746 1.0 
                    }
                  }
                }
                <Joint> mixamorig:LeftEye {
                  <Transform> {
                    <Matrix4> {
                      1.0 1.2746097580174087e-14 -1.8101527763693392e-14 0.0 
                      -2.013634484848703e-14 1.0 -6.406757990882334e-14 0.0 
                      4.030709956342332e-14 5.0522452432581744e-14 1.0 0.0 
                      3.1248013973236084 7.437309741973877 8.886802673339844 1.0 
                    }
                  }
                }
              }
            }
            <Joint> mixamorig:LeftShoulder {
              <Transform> {
                <Matrix4> {
                  -0.09330401569604874 0.2199128419160843 -0.9710471034049988 0.0 
                  0.9935978651046753 -0.04183295741677284 -0.10494470596313477 0.0 
                  -0.06370046734809875 -0.9746221303939819 -0.21460171043872833 0.0 
                  5.957501411437988 9.156888961791992 1.4876008033752441 1.0 
                }
              }
              <Joint> mixamorig:LeftArm {
                <Transform> {
                  <Matrix4> {
                    0.9956479072570801 0.09306346625089645 0.004961029626429081 0.0 
                    -0.09255534410476685 0.9936345815658569 -0.06421488523483276 0.0 
                    -0.010905497707426548 0.06347622722387314 0.9979237914085388 0.0 
                    -2.1457672119140625e-06 11.413101196289062 2.5928020477294922e-05 1.0 
                  }
                }
                <Joint> mixamorig:LeftForeArm {
                  <Transform> {
                    <Matrix4> {
                      0.9999985694885254 2.0124430477608257e-07 -0.0017012357711791992 0.0 
                      -1.994904579305512e-07 1.0 1.0311133564755437e-06 0.0 
                      0.0017012357711791992 -1.0307722959623788e-06 0.9999985694885254 0.0 
                      -1.3932249203207903e-06 26.33650779724121 6.689337169518694e-06 1.0 
                    }
                  }
                  <Joint> mixamorig:LeftHand {
                    <Transform> {
                      <Matrix4> {
                        0.9797210097312927 -0.09012647718191147 0.17895281314849854 0.0 
                        0.08691579103469849 0.9958836436271667 0.025717755779623985 0.0 
                        -0.18053406476974487 -0.009642396122217178 0.9835214614868164 0.0 
                        1.8827947769750608e-06 28.29400634765625 -4.164170604781248e-06 1.0 
                      }
                    }
                    <Joint> mixamorig:LeftHandMiddle1 {
                      <Transform> {
                        <Matrix4> {
                          0.9952366352081299 0.09748829901218414 -0.00038056622724980116 0.0 
                          -0.09748741239309311 0.9951901435852051 -0.00964086689054966 0.0 
                          -0.0005611360538750887 0.009632046334445477 0.9999535083770752 0.0 
                          -1.029099941253662 11.371407508850098 -0.1100868359208107 1.0 
                        }
                      }
                      <Joint> mixamorig:LeftHandMiddle2 {
                        <Transform> {
                          <Matrix4> {
                            0.9999849796295166 -0.005482299253344536 -0.0002709229593165219 0.0 
                            0.005482301581650972 0.9999850392341614 3.5706111702893395e-06 0.0 
                            0.00027089929790236056 -5.055838300904725e-06 0.9999999403953552 0.0 
                            0.03159971535205841 4.273910999298096 2.3227883502840996e-05 1.0 
                          }
                        }
                        <Joint> mixamorig:LeftHandMiddle3 {
                          <Transform> {
                            <Matrix4> {
                              0.9998800754547119 -0.015489437617361546 -0.0001453211734769866 0.0 
                              0.015489435754716396 0.9998801350593567 -4.086893113708356e-06 0.0 
                              0.00014536701200995594 1.8354583062318852e-06 1.0 0.0 
                              0.006700009107589722 3.5055952072143555 3.841720172204077e-06 1.0 
                            }
                          }
                          <Joint> mixamorig:LeftHandMiddle4 {
                            <Transform> {
                              <Matrix4> {
                                0.9999999403953552 -1.3901484408052056e-09 2.4685453681172476e-10 0.0 
                                1.3786305430585344e-09 0.9999999403953552 1.902822077681776e-08 0.0 
                                -3.65409924540927e-11 -1.903157453853055e-08 0.9999999403953552 0.0 
                                -0.03830024600028992 2.8203933238983154 3.048451617360115e-05 1.0 
                              }
                            }
                          }
                        }
                      }
                    }
                    <Joint> mixamorig:LeftHandThumb1 {
                      <Transform> {
                        <Matrix4> {
                          0.8011177778244019 0.597557008266449 0.033706363290548325 0.0 
                          -0.54917311668396 0.7115263938903809 0.4383367896080017 0.0 
                          0.23794826865196228 -0.36966997385025024 0.8981786370277405 0.0 
                          -2.4576001167297363 3.553402900695801 1.7123992443084717 1.0 
                        }
                      }
                      <Joint> mixamorig:LeftHandThumb2 {
                        <Transform> {
                          <Matrix4> {
                            0.9998185038566589 -0.018835563212633133 -0.0028571300208568573 0.0 
                            0.01883580908179283 0.9998226165771484 6.11916184425354e-05 0.0 
                            0.0028554946184158325 -0.00011507421731948853 0.9999959468841553 0.0 
                            0.17170032858848572 4.19699764251709 9.47713851928711e-06 1.0 
                          }
                        }
                        <Joint> mixamorig:LeftHandThumb3 {
                          <Transform> {
                            <Matrix4> {
                              0.9937046766281128 -0.11201554536819458 -0.0019043032079935074 0.0 
                              0.112015500664711 0.9937065839767456 -0.00017013400793075562 0.0 
                              0.001911373808979988 -4.4248998165130615e-05 0.9999980926513672 0.0 
                              0.09430599212646484 4.2758989334106445 5.125999450683594e-06 1.0 
                            }
                          }
                          <Joint> mixamorig:LeftHandThumb4 {
                            <Transform> {
                              <Matrix4> {
                                0.9999999403953552 4.0046870708465576e-08 -2.3283064365386963e-07 0.0 
                                -1.685693860054016e-07 0.9999999403953552 -2.0116567611694336e-07 0.0 
                                2.5331974029541016e-07 2.905726432800293e-07 1.0 0.0 
                                -0.2660036087036133 2.940993309020996 -2.1696090698242188e-05 1.0 
                              }
                            }
                          }
                        }
                      }
                    }
                    <Joint> mixamorig:LeftHandIndex1 {
                      <Transform> {
                        <Matrix4> {
                          0.9977158904075623 0.0675463080406189 -0.000766693614423275 0.0 
                          -0.06755055487155914 0.9976691603660583 -0.009660021401941776 0.0 
                          0.00011240781168453395 0.009689746424555779 0.9999530911445618 0.0 
                          -3.550100803375244 10.841608047485352 0.17811478674411774 1.0 
                        }
                      }
                      <Joint> mixamorig:LeftHandIndex2 {
                        <Transform> {
                          <Matrix4> {
                            0.9998981952667236 0.014240426942706108 0.0008296587038785219 0.0 
                            -0.014240439049899578 0.9998986124992371 4.12117788073374e-06 0.0 
                            -0.000829516036901623 -1.593546403455548e-05 0.9999996423721313 0.0 
                            -0.08750009536743164 3.8630049228668213 -5.854584742337465e-06 1.0 
                          }
                        }
                        <Joint> mixamorig:LeftHandIndex3 {
                          <Transform> {
                            <Matrix4> {
                              0.9985260963439941 0.05427173897624016 -0.0005498639075085521 0.0 
                              -0.05427173152565956 0.9985262155532837 2.8374663088470697e-05 0.0 
                              0.0005505935987457633 1.5092375633685151e-06 0.9999998211860657 0.0 
                              -0.027600005269050598 3.283308267593384 6.9563029683195055e-06 1.0 
                            }
                          }
                          <Joint> mixamorig:LeftHandIndex4 {
                            <Transform> {
                              <Matrix4> {
                                1.0 -8.682420116201683e-09 -2.5281110538344365e-11 0.0 
                                6.198604296514532e-09 1.0 1.8214450392406434e-08 0.0 
                                -1.6396484170400072e-10 -1.8224454834125936e-08 1.0 0.0 
                                0.11499950289726257 2.504087209701538 -5.915077053941786e-06 1.0 
                              }
                            }
                          }
                        }
                      }
                    }
                    <Joint> mixamorig:LeftHandRing1 {
                      <Transform> {
                        <Matrix4> {
                          0.996982216835022 0.07748721539974213 -0.004723062738776207 0.0 
                          -0.07753013074398041 0.9969428181648254 -0.009703746996819973 0.0 
                          0.00395670672878623 0.010040641762316227 0.999941885471344 0.0 
                          1.0506999492645264 10.814507484436035 -0.14818701148033142 1.0 
                        }
                      }
                      <Joint> mixamorig:LeftHandRing2 {
                        <Transform> {
                          <Matrix4> {
                            0.9998877048492432 0.01498101744800806 0.00049867999041453 0.0 
                            -0.014981016516685486 0.9998877644538879 -2.13744533539284e-06 0.0 
                            -0.0004986550193279982 -5.333521585271228e-06 0.9999999403953552 0.0 
                            -0.0475003719329834 3.757397413253784 -7.133530743885785e-06 1.0 
                          }
                        }
                        <Joint> mixamorig:LeftHandRing3 {
                          <Transform> {
                            <Matrix4> {
                              0.9999457597732544 0.01034863293170929 -0.0012221671640872955 0.0 
                              -0.010348618030548096 0.9999465942382812 1.8140364772989415e-05 0.0 
                              0.0012222890509292483 -5.491638603416504e-06 0.9999992847442627 0.0 
                              0.007199272513389587 3.0761139392852783 -1.95796019397676e-07 1.0 
                            }
                          }
                          <Joint> mixamorig:LeftHandRing4 {
                            <Transform> {
                              <Matrix4> {
                                1.0 -9.144798696070211e-09 -3.6217961962847767e-10 0.0 
                                8.501274351147003e-09 0.9999999403953552 -1.3130346587786335e-07 0.0 
                                -1.7471002422553283e-10 1.3130392062521423e-07 1.0 0.0 
                                0.04030001163482666 3.1757001876831055 5.985195457469672e-06 1.0 
                              }
                            }
                          }
                        }
                      }
                    }
                    <Joint> mixamorig:LeftHandPinky1 {
                      <Transform> {
                        <Matrix4> {
                          0.9944446086883545 0.10526145994663239 0.00021381990518420935 0.0 
                          -0.10525450855493546 0.9943985939025879 -0.009645943529903889 0.0 
                          -0.0012279682559892535 0.009569850750267506 0.9999535083770752 0.0 
                          3.528599262237549 9.803604125976562 0.19131116569042206 1.0 
                        }
                      }
                      <Joint> mixamorig:LeftHandPinky2 {
                        <Transform> {
                          <Matrix4> {
                            0.9999648928642273 0.008334139361977577 -0.0008806229452602565 0.0 
                            -0.008334120735526085 0.9999654293060303 2.287692404934205e-05 0.0 
                            0.0008807831909507513 -1.553690162836574e-05 0.9999995827674866 0.0 
                            0.05959964543581009 3.9205007553100586 3.860845026792958e-06 1.0 
                          }
                        }
                        <Joint> mixamorig:LeftHandPinky3 {
                          <Transform> {
                            <Matrix4> {
                              0.9974840879440308 -0.07088920474052429 -0.0005864084814675152 0.0 
                              0.0708891972899437 0.9974841475486755 -3.112928243353963e-05 0.0 
                              0.0005871400935575366 -1.0519073839532211e-05 0.9999998807907104 0.0 
                              0.041500791907310486 1.7630034685134888 3.576133167371154e-06 1.0 
                            }
                          }
                          <Joint> mixamorig:LeftHandPinky4 {
                            <Transform> {
                              <Matrix4> {
                                1.0 1.3480942584465083e-08 -4.9759307785279816e-11 0.0 
                                -1.6404968050665047e-08 1.0 4.6662421482324135e-08 0.0 
                                1.0171419262405834e-11 -4.665650976676261e-08 1.0 0.0 
                                -0.10109895467758179 2.130692958831787 -1.595517824171111e-05 1.0 
                              }
                            }
                          }
                        }
                      }
                    }
                  }
                }
              }
            }
            <Joint> mixamorig:RightShoulder {
              <Transform> {
                <Matrix4> {
                  -0.14625363051891327 -0.23724789917469025 0.9603766798973083 0.0 
                  -0.9862693548202515 -0.04029932990670204 -0.16015222668647766 0.0 
                  0.07669831067323685 -0.9706129431724548 -0.2280963659286499 0.0 
                  -6.0848002433776855 9.142779350280762 1.3229001760482788 1.0 
                }
              }
              <Joint> mixamorig:RightArm {
                <Transform> {
                  <Matrix4> {
                    0.9890418648719788 -0.14761652052402496 -0.002400018274784088 0.0 
                    0.14700689911842346 0.9861962795257568 -0.07619629055261612 0.0 
                    0.01361475046724081 0.07500850409269333 0.9970900416374207 0.0 
                    -2.384185791015625e-07 11.45109748840332 1.0907649993896484e-05 1.0 
                  }
                }
                <Joint> mixamorig:RightForeArm {
                  <Transform> {
                    <Matrix4> {
                      0.9999995231628418 1.0190559507350372e-08 0.0009973645210266113 0.0 
                      -1.0192593435931485e-08 1.0 2.0366477393451987e-09 0.0 
                      -0.0009973496198654175 -2.0468107209126174e-09 0.9999995231628418 0.0 
                      2.172627091567847e-06 26.48551368713379 -1.1924478712899145e-05 1.0 
                    }
                  }
                  <Joint> mixamorig:RightHand {
                    <Transform> {
                      <Matrix4> {
                        0.9764633178710938 0.09315364062786102 -0.19453005492687225 0.0 
                        -0.0892535075545311 0.9955941438674927 0.02873830683529377 0.0 
                        0.1963501125574112 -0.01069940347224474 0.9804755449295044 0.0 
                        7.403422159768525e-07 27.79629898071289 6.597754236281617e-06 1.0 
                      }
                    }
                    <Joint> mixamorig:RightHandMiddle1 {
                      <Transform> {
                        <Matrix4> {
                          0.9928320646286011 -0.11951341480016708 -0.0010987052228301764 0.0 
                          0.11949490755796432 0.9927768111228943 -0.010730705223977566 0.0 
                          0.0023732325062155724 0.010522497817873955 0.9999419450759888 0.0 
                          1.0273995399475098 10.980501174926758 -0.11800637096166611 1.0 
                        }
                      }
                      <Joint> mixamorig:RightHandMiddle2 {
                        <Transform> {
                          <Matrix4> {
                            0.9999909400939941 0.0032913682516664267 0.0026930628810077906 0.0 
                            -0.0032915465999394655 0.9999946355819702 6.244210089789703e-05 0.0 
                            -0.0026928430888801813 -7.130586891435087e-05 0.9999963045120239 0.0 
                            -0.1011001318693161 3.815312147140503 -2.124957973137498e-06 1.0 
                          }
                        }
                        <Joint> mixamorig:RightHandMiddle3 {
                          <Transform> {
                            <Matrix4> {
                              0.9971187114715576 0.07584967464208603 0.001025065197609365 0.0 
                              -0.07584966719150543 0.9971193075180054 -5.444873386295512e-05 0.0 
                              -0.001026242389343679 -2.3458997020497918e-05 0.9999995231628418 0.0 
                              -0.07860112190246582 3.3872015476226807 -3.829700290225446e-06 1.0 
                            }
                          }
                          <Joint> mixamorig:RightHandMiddle4 {
                            <Transform> {
                              <Matrix4> {
                                1.0 -1.3446793900584453e-08 -3.7545078157563694e-11 0.0 
                                1.2725422493531369e-08 1.0 4.063019787281519e-08 0.0 
                                -1.9880985746567603e-11 -4.062883363076253e-08 1.0 0.0 
                                0.17970004677772522 3.4053077697753906 -8.993905794341117e-06 1.0 
                              }
                            }
                          }
                        }
                      }
                    }
                    <Joint> mixamorig:RightHandThumb1 {
                      <Transform> {
                        <Matrix4> {
                          0.7848605513572693 -0.619203507900238 -0.024106577038764954 0.0 
                          0.5650677680969238 0.6991901993751526 0.43798547983169556 0.0 
                          -0.2543470561504364 -0.35737931728363037 0.898658812046051 0.0 
                          2.412100076675415 3.454697608947754 1.829399585723877 1.0 
                        }
                      }
                      <Joint> mixamorig:RightHandThumb2 {
                        <Transform> {
                          <Matrix4> {
                            0.999677836894989 0.02529788389801979 0.00210561603307724 0.0 
                            -0.02529801055788994 0.9996799230575562 6.777048110961914e-05 0.0 
                            -0.002103229984641075 -0.00012101978063583374 0.9999977946281433 0.0 
                            -0.2395038604736328 4.081803321838379 -4.149973392486572e-06 1.0 
                          }
                        }
                        <Joint> mixamorig:RightHandThumb3 {
                          <Transform> {
                            <Matrix4> {
                              0.9889048337936401 0.14853595197200775 0.002100147306919098 0.0 
                              -0.14853578805923462 0.988906979560852 -0.000241890549659729 0.0 
                              -0.0021127909421920776 -7.275491952896118e-05 0.9999978542327881 0.0 
                              -0.13379526138305664 4.015610218048096 1.52587890625e-05 1.0 
                            }
                          }
                          <Joint> mixamorig:RightHandThumb4 {
                            <Transform> {
                              <Matrix4> {
                                1.0 -2.60770320892334e-08 -1.862645149230957e-08 0.0 
                                -3.725290298461914e-09 1.0000001192092896 1.4901161193847656e-07 0.0 
                                -7.450580596923828e-09 -1.4156103134155273e-07 1.0000001192092896 0.0 
                                0.3733022212982178 3.2098028659820557 -1.1920928955078125e-06 1.0 
                              }
                            }
                          }
                        }
                      }
                    }
                    <Joint> mixamorig:RightHandIndex1 {
                      <Transform> {
                        <Matrix4> {
                          0.9968377351760864 -0.07946508377790451 0.0001916281325975433 0.0 
                          0.07946258038282394 0.9967803955078125 -0.010702548548579216 0.0 
                          0.0006594675942324102 0.010683930478990078 0.9999427795410156 0.0 
                          3.589400291442871 10.485495567321777 0.18049080669879913 1.0 
                        }
                      }
                      <Joint> mixamorig:RightHandIndex2 {
                        <Transform> {
                          <Matrix4> {
                            0.9996762871742249 0.025399193167686462 0.0014851317973807454 0.0 
                            -0.025399135425686836 0.9996773600578308 -5.851920650457032e-05 0.0 
                            -0.0014861392555758357 2.0779201804543845e-05 0.9999988675117493 0.0 
                            0.052199915051460266 3.7982044219970703 7.126454875105992e-06 1.0 
                          }
                        }
                        <Joint> mixamorig:RightHandIndex3 {
                          <Transform> {
                            <Matrix4> {
                              0.9940134286880493 -0.1092437133193016 0.0016895340522751212 0.0 
                              0.10924369096755981 0.9940149188041687 0.00011586526670726016 0.0 
                              -0.001692080171778798 6.939931336091831e-05 0.9999985098838806 0.0 
                              0.12129995226860046 3.097198247909546 1.0589285011519678e-05 1.0 
                            }
                          }
                          <Joint> mixamorig:RightHandIndex4 {
                            <Transform> {
                              <Matrix4> {
                                1.0 -2.462570591887925e-09 -3.0802027595200343e-10 0.0 
                                1.2324449016887229e-08 1.0 -2.03690433409065e-08 0.0 
                                6.632348004131927e-10 2.0344714357634075e-08 1.0000001192092896 0.0 
                                -0.17350047826766968 2.4633162021636963 -3.0949595384299755e-06 1.0 
                              }
                            }
                          }
                        }
                      }
                    }
                    <Joint> mixamorig:RightHandRing1 {
                      <Transform> {
                        <Matrix4> {
                          0.9950894117355347 -0.09897147864103317 0.0012335098581388593 0.0 
                          0.09897901117801666 0.9950321316719055 -0.010693264193832874 0.0 
                          -0.0001690535864327103 0.010762845166027546 0.9999421238899231 0.0 
                          -1.1152002811431885 10.44870662689209 -0.1488151252269745 1.0 
                        }
                      }
                      <Joint> mixamorig:RightHandRing2 {
                        <Transform> {
                          <Matrix4> {
                            0.9999111294746399 0.013335933908820152 1.632718885957729e-05 0.0 
                            -0.013335933908820152 0.9999110102653503 2.873210632969858e-06 0.0 
                            -1.6287502148770727e-05 -3.0906930987839587e-06 1.0000001192092896 0.0 
                            -0.01930008828639984 3.2977051734924316 1.803622581064701e-06 1.0 
                          }
                        }
                        <Joint> mixamorig:RightHandRing3 {
                          <Transform> {
                            <Matrix4> {
                              0.9999692440032959 -0.007847013883292675 -0.00012017280823783949 0.0 
                              0.007847013883292675 0.9999691843986511 -2.635225200720015e-06 0.0 
                              0.00012018997949780896 1.6921453607210424e-06 1.0000001192092896 0.0 
                              0.02069994807243347 2.7658915519714355 -1.8353603081777692e-05 1.0 
                            }
                          }
                          <Joint> mixamorig:RightHandRing4 {
                            <Transform> {
                              <Matrix4> {
                                1.0 -1.4688071869883856e-09 -7.308942340245039e-11 0.0 
                                1.418493433824608e-09 1.0000001192092896 -1.3131082710060582e-07 0.0 
                                -1.7627566073485923e-12 1.3131094078744354e-07 1.0 0.0 
                                -0.0014000721275806427 3.8542087078094482 -4.935449396725744e-06 1.0 
                              }
                            }
                          }
                        }
                      }
                    }
                    <Joint> mixamorig:RightHandPinky1 {
                      <Transform> {
                        <Matrix4> {
                          0.9944016337394714 -0.10565795004367828 -0.001358280424028635 0.0 
                          0.10563750565052032 0.9943469762802124 -0.010715189389884472 0.0 
                          0.0024827467277646065 0.010511715896427631 0.9999417066574097 0.0 
                          -3.5016021728515625 9.512005805969238 0.19778858125209808 1.0 
                        }
                      }
                      <Joint> mixamorig:RightHandPinky2 {
                        <Transform> {
                          <Matrix4> {
                            0.9999985098838806 -0.0016948533011600375 0.00022454792633652687 0.0 
                            0.0016948520205914974 0.9999984502792358 3.446272330620559e-06 0.0 
                            -0.00022455345606431365 -3.0656919989269227e-06 1.0 0.0 
                            -0.04019995033740997 3.2039995193481445 7.932685548439622e-07 1.0 
                          }
                        }
                        <Joint> mixamorig:RightHandPinky3 {
                          <Transform> {
                            <Matrix4> {
                              0.9991223812103271 0.04188369959592819 0.0004597512597683817 0.0 
                              -0.04188370332121849 0.9991225004196167 -1.545292070659343e-05 0.0 
                              -0.0004599949752446264 -3.816725438809954e-06 0.9999998807907104 0.0 
                              -0.02829989790916443 1.9871058464050293 -1.641776179894805e-05 1.0 
                            }
                          }
                          <Joint> mixamorig:RightHandPinky4 {
                            <Transform> {
                              <Matrix4> {
                                1.0 2.265798215717041e-09 -8.117773120375205e-11 0.0 
                                -3.321397601396825e-09 1.0 4.970587497155066e-09 0.0 
                                7.048939210108074e-11 -4.971099087924813e-09 1.0 0.0 
                                0.06849975138902664 2.476292848587036 1.0257266694679856e-05 1.0 
                              }
                            }
                          }
                        }
                      }
                    }
                  }
                }
              }
            }
          }
        }
      }
      <Joint> mixamorig:RightUpLeg {
        <Transform> {
          <Matrix4> {
            -0.9999171495437622 -0.012237932533025742 -0.00026726722717285156 0.0 
            0.01223778910934925 -0.9991248846054077 -0.03999227285385132 0.0 
            0.00017029047012329102 -0.03998607397079468 0.9991152286529541 0.0 
            -8.907099723815918 -7.644500732421875 -0.17870000004768372 1.0 
          }
        }
        <Joint> mixamorig:RightLeg {
          <Transform> {
            <Matrix4> {
              0.9996981620788574 -0.024568654596805573 3.117308369837701e-05 0.0 
              0.024457139894366264 0.9950384497642517 -0.09643977880477905 0.0 
              0.002338376361876726 0.09641141444444656 0.9953388571739197 0.0 
              7.095513865351677e-08 40.17050552368164 -1.0675285011529922e-07 1.0 
            }
          }
          <Joint> mixamorig:RightFoot {
            <Transform> {
              <Matrix4> {
                0.9978600144386292 -0.005015002563595772 0.06519580632448196 0.0 
                -0.05214261636137962 0.5406069159507751 0.8396579027175903 0.0 
                -0.039456188678741455 -0.8412604928016663 0.5391883254051208 0.0 
                -6.477348506450653e-07 39.985042572021484 -1.1343508958816528e-06 1.0 
              }
            }
            <Joint> mixamorig:RightToeBase {
              <Transform> {
                <Matrix4> {
                  0.9770556092262268 -1.7136335372924805e-06 -0.21298474073410034 0.0 
                  0.13380318880081177 0.7780333757400513 0.6138082146644592 0.0 
                  0.16570821404457092 -0.6282227635383606 0.7601822018623352 0.0 
                  -3.725290298461914e-09 15.042633056640625 -4.172325134277344e-07 1.0 
                }
              }
              <Joint> mixamorig:RightToe_End {
                <Transform> {
                  <Matrix4> {
                    1.0 7.916241884231567e-08 -2.560671418905258e-06 0.0 
                    -9.499490261077881e-08 0.9999999403953552 1.0058283805847168e-07 0.0 
                    2.54996120929718e-06 -9.96515154838562e-08 0.9999999403953552 0.0 
                    -1.7881393432617188e-07 9.725691795349121 -5.960464477539063e-08 1.0 
                  }
                }
              }
            }
          }
        }
      }
      <Joint> mixamorig:LeftUpLeg {
        <Transform> {
          <Matrix4> {
            -0.9999815821647644 0.006038608029484749 0.0016412585973739624 0.0 
            -0.006120990961790085 -0.9984389543533325 -0.05552520602941513 0.0 
            0.0012833327054977417 -0.05554421991109848 0.9985468983650208 0.0 
            8.809499740600586 -7.431999206542969 0.3003999888896942 1.0 
          }
        }
        <Joint> mixamorig:LeftLeg {
          <Transform> {
            <Matrix4> {
              0.9999216198921204 0.012520689517259598 3.0432682251557708e-05 0.0 
              -0.012498503550887108 0.9982885718345642 -0.057128582149744034 0.0 
              -0.0007456697057932615 0.05712371692061424 0.9983668923377991 0.0 
              -2.1187588572502136e-08 40.93362045288086 -4.2188912630081177e-07 1.0 
            }
          }
          <Joint> mixamorig:LeftFoot {
            <Transform> {
              <Matrix4> {
                0.9982128143310547 -0.023470649495720863 -0.054957229644060135 0.0 
                0.05889817327260971 0.5419576168060303 0.8383393287658691 0.0 
                0.010108117014169693 -0.8400779366493225 0.5423715114593506 0.0 
                3.748573362827301e-07 39.67966842651367 4.78699803352356e-07 1.0 
              }
            }
            <Joint> mixamorig:LeftToeBase {
              <Transform> {
                <Matrix4> {
                  0.9747961163520813 -3.501772880554199e-07 0.2230970561504364 0.0 
                  -0.13784079253673553 0.7862939238548279 0.60228031873703 0.0 
                  -0.1754201203584671 -0.617852509021759 0.7664763927459717 0.0 
                  -4.842877388000488e-08 15.085951805114746 4.470348358154297e-08 1.0 
                }
              }
              <Joint> mixamorig:LeftToe_End {
                <Transform> {
                  <Matrix4> {
                    0.9999999403953552 9.96515154838562e-08 -5.41098415851593e-07 0.0 
                    -1.0337680578231812e-07 0.9999999403953552 -1.1175870895385742e-08 0.0 
                    5.102483555674553e-07 1.6763806343078613e-08 0.9999999403953552 0.0 
                    -6.854534149169922e-07 9.538553237915039 2.980232238769531e-07 1.0 
                  }
                }
              }
            }
          }
        }
      }
    }
  }
<Table> {
  <Bundle> sitdown {
    <Table> "<skeleton>" {
      <Table> mixamorig:Hips {
        <Xfm$Anim> xform {
          <Scalar> order { sprht }
          <Scalar> fps { 30 }
          <Scalar> contents { ijkprhxyz }
          <V> {
            0.010000 0.010000 0.010000 86.256690 3.007532 -5.440714 0.002790 0.003274 0.983783
            0.010000 0.010000 0.010000 86.247298 2.689451 -5.144052 0.001323 0.003093 0.983984
            0.010000 0.010000 0.010000 86.160562 2.277615 -4.683741 -0.000090 0.002842 0.984598
            0.010000 0.010000 0.010000 85.994848 1.775136 -3.987191 -0.001476 0.003008 0.985296
            0.010000 0.010000 0.010000 85.780790 1.192227 -2.662140 -0.002856 0.003532 0.985852
            0.010000 0.010000 0.010000 85.515505 0.560340 -0.719044 -0.004220 0.004319 0.986417
            0.010000 0.010000 0.010000 85.328085 -0.015735 1.930893 -0.005784 0.005800 0.986474
            0.010000 0.010000 0.010000 85.245084 -0.545057 5.281530 -0.007821 0.007954 0.985979
            0.010000 0.010000 0.010000 85.253929 -1.037378 9.398857 -0.010419 0.010812 0.984954
            0.010000 0.010000 0.010000 85.282848 -1.441009 14.490902 -0.013543 0.014884 0.983263
            0.010000 0.010000 0.010000 85.272610 -1.765104 19.768502 -0.016794 0.019332 0.981313
            0.010000 0.010000 0.010000 85.253246 -1.972698 24.722939 -0.019875 0.023721 0.979228
            0.010000 0.010000 0.010000 85.231888 -2.123332 29.439973 -0.022820 0.028028 0.977181
            0.010000 0.010000 0.010000 85.250207 -2.153521 33.286428 -0.025359 0.032211 0.975414
            0.010000 0.010000 0.010000 85.320811 -2.049192 36.073822 -0.027410 0.036373 0.973918
            0.010000 0.010000 0.010000 85.402889 -1.904196 38.484837 -0.029164 0.040769 0.972233
            0.010000 0.010000 0.010000 85.502582 -1.726464 40.612284 -0.030688 0.045437 0.971842
            0.010000 0.010000 0.010000 85.652177 -1.437942 42.111149 -0.031441 0.050963 0.972536
            0.010000 0.010000 0.010000 85.945158 -0.847762 42.098346 -0.030137 0.058988 0.971160
            0.010000 0.010000 0.010000 86.356411 -0.004903 40.873194 -0.027301 0.069101 0.967688
            0.010000 0.010000 0.010000 86.842379 0.998939 38.865047 -0.024006 0.080774 0.963391
            0.010000 0.010000 0.010000 87.323176 2.138740 36.456230 -0.020115 0.093198 0.958883
            0.010000 0.010000 0.010000 87.925927 3.189287 33.996864 -0.015769 0.106130 0.954119
            0.010000 0.010000 0.010000 89.187914 3.759677 31.648293 -0.011931 0.120603 0.948680
            0.010000 0.010000 0.010000 91.204766 3.947974 29.398394 -0.008173 0.136820 0.942722
            0.010000 0.010000 0.010000 93.559439 4.024743 27.200226 -0.004762 0.154069 0.936383
            0.010000 0.010000 0.010000 95.999340 4.037486 25.089274 -0.002007 0.172061 0.928821
            0.010000 0.010000 0.010000 98.234929 4.003696 23.130772 0.000245 0.190588 0.919880
            0.010000 0.010000 0.010000 100.000868 3.769739 21.376378 0.001902 0.209634 0.909720
            0.010000 0.010000 0.010000 101.383257 3.265576 19.642753 0.003040 0.228699 0.896716
            0.010000 0.010000 0.010000 102.638086 2.706162 17.816359 0.003737 0.247269 0.882359
            0.010000 0.010000 0.010000 103.804457 2.176809 15.917669 0.004124 0.265250 0.866592
